4240421724
4301252291
4306608864
4306614295
4309462841
4311391585
4312704411
4312712098
4314732242
4315015378
4326164864
4327180451
4335066043
4335163284
4340226543
4346236242
4354820362
4357405404
4359187991
4359284782
4361345145
4361768533
4363014017
4363062471
4364768442
4365807926
4366021248
4366224144
4367836503
4368050238
4368199945
4371188947
4371736358
4371764419
4371967359
4372318971
4372387712
4372389648
4372695757
4372794877
4372899733
4373109759
4373121600
4373685396
4374070390
4374381220
4374498058
4374702371
4374706797
4375137933
4375701853
4375919854
4376900082
4377121174
4377134217
4378311557
4378843031
4379650290
4379823664
4379830765
4379875654
4380358567
4380442385
4380492331
4380906331
4381288646
4381293186
4381650959
4381704898
4381745188
4381970989
4382031935
4382069501
4382080005
4382690211
4382830824
4382941836
4383338519
4383709933
4383729062
4383793870
